QualityScore: 53
UniformImage: 72.0306
EmptyImageOrContrastTooLow: 179.332
FingerprintImageWithMinutiae: 78
SufficientFingerprintForeground: 199334
FDA_Bin10_0: 0
FDA_Bin10_1: 4
FDA_Bin10_2: 8
FDA_Bin10_3: 11
FDA_Bin10_4: 17
FDA_Bin10_5: 18
FDA_Bin10_6: 26
FDA_Bin10_7: 39
FDA_Bin10_8: 48
FDA_Bin10_9: 5
FDA_Bin10_Mean: 0.468755
FDA_Bin10_StdDev: 0.12598
FingerJetFX_MinCount_COMMinRect200x200: 17
FingerJetFX_MinutiaeCount: 78
FJFXPos_Mu_MinutiaeQuality_2: 0.717949
FJFXPos_OCL_MinutiaeQuality_80: 0.846154
ImgProcROIArea_Mean: 175.318
LCS_Bin10_0: 0
LCS_Bin10_1: 31
LCS_Bin10_2: 0
LCS_Bin10_3: 8
LCS_Bin10_4: 3
LCS_Bin10_5: 13
LCS_Bin10_6: 18
LCS_Bin10_7: 29
LCS_Bin10_8: 29
LCS_Bin10_9: 45
LCS_Bin10_Mean: 0.704466
LCS_Bin10_StdDev: 0.321777
MMB: 179.581
Mu: 179.332
OCL_Bin10_0: 0
OCL_Bin10_1: 0
OCL_Bin10_2: 1
OCL_Bin10_3: 2
OCL_Bin10_4: 5
OCL_Bin10_5: 1
OCL_Bin10_6: 11
OCL_Bin10_7: 39
OCL_Bin10_8: 77
OCL_Bin10_9: 57
OCL_Bin10_Mean: 0.867207
OCL_Bin10_StdDev: 0.0584787
OF_Bin10_0: 73
OF_Bin10_1: 55
OF_Bin10_2: 64
OF_Bin10_3: 56
OF_Bin10_4: 27
OF_Bin10_5: 23
OF_Bin10_6: 22
OF_Bin10_7: 13
OF_Bin10_8: 19
OF_Bin10_9: 20
OF_Bin10_Mean: 0.145397
OF_Bin10_StdDev: 0.245815
OrientationMap_ROIFilter_CoherenceRel: 0.757658
OrientationMap_ROIFilter_CoherenceSum: 603.853
RVUP_Bin10_0: 6
RVUP_Bin10_1: 56
RVUP_Bin10_2: 116
RVUP_Bin10_3: 62
RVUP_Bin10_4: 283
RVUP_Bin10_5: 217
RVUP_Bin10_6: 46
RVUP_Bin10_7: 22
RVUP_Bin10_8: 0
RVUP_Bin10_9: 0
RVUP_Bin10_Mean: 1.0698
RVUP_Bin10_StdDev: 0.356033
