QualityScore: 60
UniformImage: 87.676
EmptyImageOrContrastTooLow: 142.47
FingerprintImageWithMinutiae: 68
SufficientFingerprintForeground: 200785
FDA_Bin10_0: 0
FDA_Bin10_1: 2
FDA_Bin10_2: 5
FDA_Bin10_3: 9
FDA_Bin10_4: 19
FDA_Bin10_5: 20
FDA_Bin10_6: 25
FDA_Bin10_7: 25
FDA_Bin10_8: 66
FDA_Bin10_9: 5
FDA_Bin10_Mean: 0.494738
FDA_Bin10_StdDev: 0.140397
FingerJetFX_MinCount_COMMinRect200x200: 36
FingerJetFX_MinutiaeCount: 68
FJFXPos_Mu_MinutiaeQuality_2: 0.926471
FJFXPos_OCL_MinutiaeQuality_80: 0.911765
ImgProcROIArea_Mean: 137.372
LCS_Bin10_0: 0
LCS_Bin10_1: 23
LCS_Bin10_2: 0
LCS_Bin10_3: 3
LCS_Bin10_4: 6
LCS_Bin10_5: 7
LCS_Bin10_6: 13
LCS_Bin10_7: 31
LCS_Bin10_8: 25
LCS_Bin10_9: 68
LCS_Bin10_Mean: 0.754445
LCS_Bin10_StdDev: 0.288274
MMB: 143.236
Mu: 142.47
OCL_Bin10_0: 0
OCL_Bin10_1: 4
OCL_Bin10_2: 1
OCL_Bin10_3: 1
OCL_Bin10_4: 1
OCL_Bin10_5: 0
OCL_Bin10_6: 5
OCL_Bin10_7: 4
OCL_Bin10_8: 27
OCL_Bin10_9: 150
OCL_Bin10_Mean: 0.90096
OCL_Bin10_StdDev: 0.0865216
OF_Bin10_0: 101
OF_Bin10_1: 71
OF_Bin10_2: 56
OF_Bin10_3: 31
OF_Bin10_4: 15
OF_Bin10_5: 11
OF_Bin10_6: 23
OF_Bin10_7: 6
OF_Bin10_8: 28
OF_Bin10_9: 19
OF_Bin10_Mean: 0.149584
OF_Bin10_StdDev: 0.270324
OrientationMap_ROIFilter_CoherenceRel: 0.803168
OrientationMap_ROIFilter_CoherenceSum: 644.141
RVUP_Bin10_0: 4
RVUP_Bin10_1: 36
RVUP_Bin10_2: 174
RVUP_Bin10_3: 51
RVUP_Bin10_4: 395
RVUP_Bin10_5: 203
RVUP_Bin10_6: 12
RVUP_Bin10_7: 13
RVUP_Bin10_8: 0
RVUP_Bin10_9: 0
RVUP_Bin10_Mean: 1.02446
RVUP_Bin10_StdDev: 0.323871
