QualityScore: 53
EmptyImageOrContrastTooLow: 179.332
UniformImage: 72.0306
SufficientFingerprintForeground: 199334
FingerprintImageWithMinutiae: 78
RVUP_Bin10_StdDev: 0.356033
RVUP_Bin10_7: 22
RVUP_Bin10_5: 217
RVUP_Bin10_4: 283
RVUP_Bin10_3: 62
RVUP_Bin10_6: 46
RVUP_Bin10_1: 56
RVUP_Bin10_0: 6
OrientationMap_ROIFilter_CoherenceSum: 603.853
OrientationMap_ROIFilter_CoherenceRel: 0.757658
OF_Bin10_StdDev: 0.245815
RVUP_Bin10_8: 0
OF_Bin10_Mean: 0.145397
OF_Bin10_9: 20
OF_Bin10_7: 13
OF_Bin10_5: 23
OF_Bin10_4: 27
LCS_Bin10_0: 0
OF_Bin10_3: 56
OF_Bin10_1: 55
RVUP_Bin10_Mean: 1.0698
OCL_Bin10_StdDev: 0.0584787
OCL_Bin10_Mean: 0.867207
OF_Bin10_0: 73
OCL_Bin10_9: 57
RVUP_Bin10_9: 0
FDA_Bin10_Mean: 0.468755
FingerJetFX_MinCount_COMMinRect200x200: 17
OCL_Bin10_8: 77
OCL_Bin10_4: 5
LCS_Bin10_3: 8
OCL_Bin10_2: 1
OF_Bin10_2: 64
OCL_Bin10_0: 0
LCS_Bin10_Mean: 0.704466
OCL_Bin10_5: 1
LCS_Bin10_9: 45
FDA_Bin10_9: 5
Mu: 179.332
LCS_Bin10_8: 29
LCS_Bin10_7: 29
FDA_Bin10_7: 39
LCS_Bin10_2: 0
LCS_Bin10_1: 31
OCL_Bin10_7: 39
OCL_Bin10_3: 2
FingerJetFX_MinutiaeCount: 78
ImgProcROIArea_Mean: 175.318
FDA_Bin10_5: 18
FDA_Bin10_2: 8
FJFXPos_OCL_MinutiaeQuality_80: 0.846154
FJFXPos_Mu_MinutiaeQuality_2: 0.717949
LCS_Bin10_4: 3
RVUP_Bin10_2: 116
FDA_Bin10_StdDev: 0.12598
MMB: 179.581
FDA_Bin10_8: 48
FDA_Bin10_6: 26
OF_Bin10_6: 22
LCS_Bin10_StdDev: 0.321777
FDA_Bin10_1: 4
LCS_Bin10_6: 18
LCS_Bin10_5: 13
FDA_Bin10_4: 17
OF_Bin10_8: 19
OCL_Bin10_1: 0
OCL_Bin10_6: 11
FDA_Bin10_0: 0
FDA_Bin10_3: 11
