QualityScore: 58
UniformImage: 80.6505
EmptyImageOrContrastTooLow: 144.807
FingerprintImageWithMinutiae: 100
SufficientFingerprintForeground: 202951
FDA_Bin10_0: 2
FDA_Bin10_1: 2
FDA_Bin10_2: 9
FDA_Bin10_3: 8
FDA_Bin10_4: 14
FDA_Bin10_5: 25
FDA_Bin10_6: 21
FDA_Bin10_7: 25
FDA_Bin10_8: 70
FDA_Bin10_9: 5
FDA_Bin10_Mean: 0.491054
FDA_Bin10_StdDev: 0.142406
FingerJetFX_MinCount_COMMinRect200x200: 21
FingerJetFX_MinutiaeCount: 100
FJFXPos_Mu_MinutiaeQuality_2: 0.93
FJFXPos_OCL_MinutiaeQuality_80: 0.91
ImgProcROIArea_Mean: 134.217
LCS_Bin10_0: 0
LCS_Bin10_1: 59
LCS_Bin10_2: 1
LCS_Bin10_3: 4
LCS_Bin10_4: 2
LCS_Bin10_5: 15
LCS_Bin10_6: 25
LCS_Bin10_7: 24
LCS_Bin10_8: 26
LCS_Bin10_9: 25
LCS_Bin10_Mean: 0.572387
LCS_Bin10_StdDev: 0.394656
MMB: 145.18
Mu: 144.807
OCL_Bin10_0: 3
OCL_Bin10_1: 1
OCL_Bin10_2: 3
OCL_Bin10_3: 3
OCL_Bin10_4: 1
OCL_Bin10_5: 3
OCL_Bin10_6: 4
OCL_Bin10_7: 9
OCL_Bin10_8: 13
OCL_Bin10_9: 161
OCL_Bin10_Mean: 0.896209
OCL_Bin10_StdDev: 0.116991
OF_Bin10_0: 81
OF_Bin10_1: 67
OF_Bin10_2: 58
OF_Bin10_3: 52
OF_Bin10_4: 28
OF_Bin10_5: 19
OF_Bin10_6: 32
OF_Bin10_7: 13
OF_Bin10_8: 32
OF_Bin10_9: 25
OF_Bin10_Mean: 0.171531
OF_Bin10_StdDev: 0.282194
OrientationMap_ROIFilter_CoherenceRel: 0.836241
OrientationMap_ROIFilter_CoherenceSum: 685.717
RVUP_Bin10_0: 11
RVUP_Bin10_1: 97
RVUP_Bin10_2: 202
RVUP_Bin10_3: 15
RVUP_Bin10_4: 455
RVUP_Bin10_5: 204
RVUP_Bin10_6: 72
RVUP_Bin10_7: 23
RVUP_Bin10_8: 0
RVUP_Bin10_9: 0
RVUP_Bin10_Mean: 1.03837
RVUP_Bin10_StdDev: 0.363378
