QualityScore: 56
UniformImage: 96.7086
EmptyImageOrContrastTooLow: 160.366
FingerprintImageWithMinutiae: 54
SufficientFingerprintForeground: 202165
FDA_Bin10_0: 2
FDA_Bin10_1: 2
FDA_Bin10_2: 5
FDA_Bin10_3: 11
FDA_Bin10_4: 13
FDA_Bin10_5: 16
FDA_Bin10_6: 25
FDA_Bin10_7: 18
FDA_Bin10_8: 85
FDA_Bin10_9: 1
FDA_Bin10_Mean: 0.503491
FDA_Bin10_StdDev: 0.127329
FingerJetFX_MinCount_COMMinRect200x200: 18
FingerJetFX_MinutiaeCount: 54
FJFXPos_Mu_MinutiaeQuality_2: 0.962963
FJFXPos_OCL_MinutiaeQuality_80: 1
ImgProcROIArea_Mean: 151.541
LCS_Bin10_0: 0
LCS_Bin10_1: 0
LCS_Bin10_2: 0
LCS_Bin10_3: 1
LCS_Bin10_4: 1
LCS_Bin10_5: 1
LCS_Bin10_6: 4
LCS_Bin10_7: 9
LCS_Bin10_8: 27
LCS_Bin10_9: 135
LCS_Bin10_Mean: 0.893255
LCS_Bin10_StdDev: 0.0354052
MMB: 161.28
Mu: 160.366
OCL_Bin10_0: 3
OCL_Bin10_1: 3
OCL_Bin10_2: 2
OCL_Bin10_3: 0
OCL_Bin10_4: 1
OCL_Bin10_5: 4
OCL_Bin10_6: 2
OCL_Bin10_7: 2
OCL_Bin10_8: 14
OCL_Bin10_9: 171
OCL_Bin10_Mean: 0.902356
OCL_Bin10_StdDev: 0.131346
OF_Bin10_0: 78
OF_Bin10_1: 103
OF_Bin10_2: 91
OF_Bin10_3: 62
OF_Bin10_4: 48
OF_Bin10_5: 16
OF_Bin10_6: 11
OF_Bin10_7: 8
OF_Bin10_8: 35
OF_Bin10_9: 25
OF_Bin10_Mean: 0.146715
OF_Bin10_StdDev: 0.259567
OrientationMap_ROIFilter_CoherenceRel: 0.836748
OrientationMap_ROIFilter_CoherenceSum: 687.807
RVUP_Bin10_0: 1
RVUP_Bin10_1: 18
RVUP_Bin10_2: 6
RVUP_Bin10_3: 111
RVUP_Bin10_4: 221
RVUP_Bin10_5: 58
RVUP_Bin10_6: 17
RVUP_Bin10_7: 12
RVUP_Bin10_8: 0
RVUP_Bin10_9: 0
RVUP_Bin10_Mean: 1.07216
RVUP_Bin10_StdDev: 0.352911
