UnifiedQualityScore: 54
UniformImage: 70.747
EmptyImageOrContrastTooLow: 183.975
FingerprintImageWithMinutiae: 69
SufficientFingerprintForeground: 186473
FDA_Bin10_0: 3
FDA_Bin10_1: 2
FDA_Bin10_2: 6
FDA_Bin10_3: 5
FDA_Bin10_4: 15
FDA_Bin10_5: 21
FDA_Bin10_6: 28
FDA_Bin10_7: 35
FDA_Bin10_8: 54
FDA_Bin10_9: 0
FDA_Bin10_Mean: 0.458941
FDA_Bin10_StdDev: 0.0893049
FingerJetFX_MinCount_COMMinRect200x200: 19
FingerJetFX_MinutiaeCount: 69
FJFXPos_Mu_MinutiaeQuality_2: 0.536232
FJFXPos_OCL_MinutiaeQuality_80: 0.695652
ImgProcROIArea_Mean: 177.363
LCS_Bin10_0: 0
LCS_Bin10_1: 16
LCS_Bin10_2: 0
LCS_Bin10_3: 7
LCS_Bin10_4: 2
LCS_Bin10_5: 16
LCS_Bin10_6: 19
LCS_Bin10_7: 24
LCS_Bin10_8: 31
LCS_Bin10_9: 54
LCS_Bin10_Mean: 0.770562
LCS_Bin10_StdDev: 0.251799
MMB: 185.522
Mu: 183.975
OCL_Bin10_0: 3
OCL_Bin10_1: 2
OCL_Bin10_2: 1
OCL_Bin10_3: 1
OCL_Bin10_4: 3
OCL_Bin10_5: 10
OCL_Bin10_6: 27
OCL_Bin10_7: 50
OCL_Bin10_8: 62
OCL_Bin10_9: 34
OCL_Bin10_Mean: 0.831652
OCL_Bin10_StdDev: 0.110701
OF_Bin10_0: 9
OF_Bin10_1: 9
OF_Bin10_2: 13
OF_Bin10_3: 20
OF_Bin10_4: 19
OF_Bin10_5: 9
OF_Bin10_6: 8
OF_Bin10_7: 6
OF_Bin10_8: 11
OF_Bin10_9: 7
OF_Bin10_Mean: 0.202499
OF_Bin10_StdDev: 0.26249
OrientationMap_ROIFilter_CoherenceRel: 0.731694
OrientationMap_ROIFilter_CoherenceSum: 143.412
RVUP_Bin10_0: 5
RVUP_Bin10_1: 70
RVUP_Bin10_2: 81
RVUP_Bin10_3: 91
RVUP_Bin10_4: 269
RVUP_Bin10_5: 142
RVUP_Bin10_6: 35
RVUP_Bin10_7: 11
RVUP_Bin10_8: 0
RVUP_Bin10_9: 0
RVUP_Bin10_Mean: 1.01613
RVUP_Bin10_StdDev: 0.361214
