QualityScore: 64
EmptyImageOrContrastTooLow: 184.109
UniformImage: 70.7403
SufficientFingerprintForeground: 194751
FingerprintImageWithMinutiae: 69
RVUP_Bin10_StdDev: 0.361214
RVUP_Bin10_7: 11
RVUP_Bin10_5: 142
RVUP_Bin10_4: 269
RVUP_Bin10_3: 91
RVUP_Bin10_6: 35
RVUP_Bin10_1: 70
RVUP_Bin10_0: 5
OrientationMap_ROIFilter_CoherenceSum: 554.625
OrientationMap_ROIFilter_CoherenceRel: 0.716569
OF_Bin10_StdDev: 0.228622
RVUP_Bin10_8: 0
OF_Bin10_Mean: 0.125065
OF_Bin10_9: 21
OF_Bin10_7: 11
OF_Bin10_5: 16
OF_Bin10_4: 28
LCS_Bin10_0: 0
OF_Bin10_3: 42
OF_Bin10_1: 97
RVUP_Bin10_Mean: 1.01613
OCL_Bin10_StdDev: 0.110701
OCL_Bin10_Mean: 0.831652
OF_Bin10_0: 101
OCL_Bin10_9: 34
RVUP_Bin10_9: 0
FDA_Bin10_Mean: 0.458941
FingerJetFX_MinCount_COMMinRect200x200: 19
OCL_Bin10_8: 62
OCL_Bin10_4: 3
LCS_Bin10_3: 7
OCL_Bin10_2: 1
OF_Bin10_2: 59
OCL_Bin10_0: 3
LCS_Bin10_Mean: 0.770562
OCL_Bin10_5: 10
LCS_Bin10_9: 54
FDA_Bin10_9: 0
Mu: 184.109
LCS_Bin10_8: 31
LCS_Bin10_7: 24
FDA_Bin10_7: 35
LCS_Bin10_2: 0
LCS_Bin10_1: 16
OCL_Bin10_7: 50
OCL_Bin10_3: 1
FingerJetFX_MinutiaeCount: 69
ImgProcROIArea_Mean: 180.272
FDA_Bin10_5: 21
FDA_Bin10_2: 6
FJFXPos_OCL_MinutiaeQuality_80: 0.695652
FJFXPos_Mu_MinutiaeQuality_2: 0.565217
LCS_Bin10_4: 2
RVUP_Bin10_2: 81
FDA_Bin10_StdDev: 0.0893049
MMB: 185.6
FDA_Bin10_8: 54
FDA_Bin10_6: 28
OF_Bin10_6: 17
LCS_Bin10_StdDev: 0.251799
FDA_Bin10_1: 2
LCS_Bin10_6: 19
LCS_Bin10_5: 16
FDA_Bin10_4: 15
OF_Bin10_8: 18
OCL_Bin10_1: 2
OCL_Bin10_6: 27
FDA_Bin10_0: 3
FDA_Bin10_3: 5
Orientation certainty: 0.953066
Region of interest: 24.6846
Minutiae: 16.5189
Local clarity: 21.9125
Ridge valley uniformity: 14.5171
Contrast: 0.207527
Minutiae quality: 0.389931
Quality map: 2.86572
Orientation flow: 16.0799
Frequency domain: 12.4592
