UnifiedQualityScore: 52
UniformImage: 80.5936
EmptyImageOrContrastTooLow: 144.611
FingerprintImageWithMinutiae: 105
SufficientFingerprintForeground: 197840
FDA_Bin10_0: 2
FDA_Bin10_1: 6
FDA_Bin10_2: 8
FDA_Bin10_3: 12
FDA_Bin10_4: 17
FDA_Bin10_5: 18
FDA_Bin10_6: 21
FDA_Bin10_7: 29
FDA_Bin10_8: 64
FDA_Bin10_9: 5
FDA_Bin10_Mean: 0.486446
FDA_Bin10_StdDev: 0.146606
FingerJetFX_MinCount_COMMinRect200x200: 21
FingerJetFX_MinutiaeCount: 105
FJFXPos_Mu_MinutiaeQuality_2: 0.895238
FJFXPos_OCL_MinutiaeQuality_80: 0.87619
ImgProcROIArea_Mean: 131.538
LCS_Bin10_0: 0
LCS_Bin10_1: 54
LCS_Bin10_2: 3
LCS_Bin10_3: 6
LCS_Bin10_4: 5
LCS_Bin10_5: 15
LCS_Bin10_6: 25
LCS_Bin10_7: 26
LCS_Bin10_8: 24
LCS_Bin10_9: 24
LCS_Bin10_Mean: 0.593005
LCS_Bin10_StdDev: 0.382031
MMB: 145.071
Mu: 144.611
OCL_Bin10_0: 1
OCL_Bin10_1: 3
OCL_Bin10_2: 1
OCL_Bin10_3: 2
OCL_Bin10_4: 4
OCL_Bin10_5: 4
OCL_Bin10_6: 4
OCL_Bin10_7: 9
OCL_Bin10_8: 14
OCL_Bin10_9: 160
OCL_Bin10_Mean: 0.898663
OCL_Bin10_StdDev: 0.106094
OF_Bin10_0: 9
OF_Bin10_1: 10
OF_Bin10_2: 11
OF_Bin10_3: 12
OF_Bin10_4: 11
OF_Bin10_5: 20
OF_Bin10_6: 8
OF_Bin10_7: 10
OF_Bin10_8: 15
OF_Bin10_9: 12
OF_Bin10_Mean: 0.260347
OF_Bin10_StdDev: 0.296703
OrientationMap_ROIFilter_CoherenceRel: 0.836034
OrientationMap_ROIFilter_CoherenceSum: 173.059
RVUP_Bin10_0: 5
RVUP_Bin10_1: 94
RVUP_Bin10_2: 201
RVUP_Bin10_3: 20
RVUP_Bin10_4: 466
RVUP_Bin10_5: 201
RVUP_Bin10_6: 71
RVUP_Bin10_7: 21
RVUP_Bin10_8: 0
RVUP_Bin10_9: 0
RVUP_Bin10_Mean: 1.03615
RVUP_Bin10_StdDev: 0.319097
