UnifiedQualityScore: 53
UniformImage: 87.6267
EmptyImageOrContrastTooLow: 142.255
FingerprintImageWithMinutiae: 68
SufficientFingerprintForeground: 189871
FDA_Bin10_0: 0
FDA_Bin10_1: 2
FDA_Bin10_2: 5
FDA_Bin10_3: 9
FDA_Bin10_4: 19
FDA_Bin10_5: 20
FDA_Bin10_6: 25
FDA_Bin10_7: 25
FDA_Bin10_8: 66
FDA_Bin10_9: 5
FDA_Bin10_Mean: 0.494738
FDA_Bin10_StdDev: 0.140397
FingerJetFX_MinCount_COMMinRect200x200: 36
FingerJetFX_MinutiaeCount: 68
FJFXPos_Mu_MinutiaeQuality_2: 0.911765
FJFXPos_OCL_MinutiaeQuality_80: 0.911765
ImgProcROIArea_Mean: 131.524
LCS_Bin10_0: 0
LCS_Bin10_1: 23
LCS_Bin10_2: 0
LCS_Bin10_3: 3
LCS_Bin10_4: 6
LCS_Bin10_5: 7
LCS_Bin10_6: 13
LCS_Bin10_7: 31
LCS_Bin10_8: 25
LCS_Bin10_9: 68
LCS_Bin10_Mean: 0.754445
LCS_Bin10_StdDev: 0.288274
MMB: 143.162
Mu: 142.255
OCL_Bin10_0: 0
OCL_Bin10_1: 4
OCL_Bin10_2: 1
OCL_Bin10_3: 1
OCL_Bin10_4: 1
OCL_Bin10_5: 0
OCL_Bin10_6: 5
OCL_Bin10_7: 4
OCL_Bin10_8: 27
OCL_Bin10_9: 150
OCL_Bin10_Mean: 0.90096
OCL_Bin10_StdDev: 0.0865216
OF_Bin10_0: 23
OF_Bin10_1: 19
OF_Bin10_2: 13
OF_Bin10_3: 11
OF_Bin10_4: 6
OF_Bin10_5: 7
OF_Bin10_6: 9
OF_Bin10_7: 7
OF_Bin10_8: 10
OF_Bin10_9: 10
OF_Bin10_Mean: 0.201121
OF_Bin10_StdDev: 0.286923
OrientationMap_ROIFilter_CoherenceRel: 0.832589
OrientationMap_ROIFilter_CoherenceSum: 164.02
RVUP_Bin10_0: 4
RVUP_Bin10_1: 36
RVUP_Bin10_2: 174
RVUP_Bin10_3: 51
RVUP_Bin10_4: 395
RVUP_Bin10_5: 203
RVUP_Bin10_6: 12
RVUP_Bin10_7: 13
RVUP_Bin10_8: 0
RVUP_Bin10_9: 0
RVUP_Bin10_Mean: 1.02446
RVUP_Bin10_StdDev: 0.323871
