UnifiedQualityScore: 57
UniformImage: 96.7242
EmptyImageOrContrastTooLow: 160.022
FingerprintImageWithMinutiae: 54
SufficientFingerprintForeground: 194625
FDA_Bin10_0: 2
FDA_Bin10_1: 1
FDA_Bin10_2: 5
FDA_Bin10_3: 9
FDA_Bin10_4: 14
FDA_Bin10_5: 13
FDA_Bin10_6: 20
FDA_Bin10_7: 32
FDA_Bin10_8: 81
FDA_Bin10_9: 1
FDA_Bin10_Mean: 0.505236
FDA_Bin10_StdDev: 0.123256
FingerJetFX_MinCount_COMMinRect200x200: 19
FingerJetFX_MinutiaeCount: 54
FJFXPos_Mu_MinutiaeQuality_2: 0.962963
FJFXPos_OCL_MinutiaeQuality_80: 1
ImgProcROIArea_Mean: 147.985
LCS_Bin10_0: 0
LCS_Bin10_1: 1
LCS_Bin10_2: 0
LCS_Bin10_3: 1
LCS_Bin10_4: 2
LCS_Bin10_5: 1
LCS_Bin10_6: 3
LCS_Bin10_7: 11
LCS_Bin10_8: 26
LCS_Bin10_9: 133
LCS_Bin10_Mean: 0.889227
LCS_Bin10_StdDev: 0.0760907
MMB: 161.135
Mu: 160.022
OCL_Bin10_0: 2
OCL_Bin10_1: 4
OCL_Bin10_2: 1
OCL_Bin10_3: 0
OCL_Bin10_4: 2
OCL_Bin10_5: 2
OCL_Bin10_6: 4
OCL_Bin10_7: 2
OCL_Bin10_8: 13
OCL_Bin10_9: 172
OCL_Bin10_Mean: 0.906148
OCL_Bin10_StdDev: 0.114757
OF_Bin10_0: 5
OF_Bin10_1: 8
OF_Bin10_2: 12
OF_Bin10_3: 10
OF_Bin10_4: 22
OF_Bin10_5: 25
OF_Bin10_6: 3
OF_Bin10_7: 9
OF_Bin10_8: 14
OF_Bin10_9: 14
OF_Bin10_Mean: 0.262692
OF_Bin10_StdDev: 0.300652
OrientationMap_ROIFilter_CoherenceRel: 0.85057
OrientationMap_ROIFilter_CoherenceSum: 174.367
RVUP_Bin10_0: 1
RVUP_Bin10_1: 20
RVUP_Bin10_2: 14
RVUP_Bin10_3: 115
RVUP_Bin10_4: 213
RVUP_Bin10_5: 44
RVUP_Bin10_6: 23
RVUP_Bin10_7: 9
RVUP_Bin10_8: 0
RVUP_Bin10_9: 0
RVUP_Bin10_Mean: 1.04626
RVUP_Bin10_StdDev: 0.303054
